Atom counts:
C: 1358
N: 533
H: 1655
O: 294
S: 21
F: 46
Cl: 3
P: 2

LogP values:
-0.73532
-1.3663200000000002
-2.196389999999999
-0.5638400000000003
0.10746
-0.7689599999999992
0.01554000000000004
0.8844299999999996
-0.11202999999999996
1.3612400000000002
1.8028499999999998
2.7009600000000016
2.991740000000001
3.0556200000000002
0.47263999999999984
-0.21354000000000056
-2.9785800000000004
-0.75231
-0.30369000000000046
1.5190600000000014
-0.7245900000000002
1.8193400000000002
0.12129000000000112
-2.5155699999999985
0.6217700000000002
-0.006270000000000137
-2.23304
0.29952
1.0930399999999998
1.6387499999999997
0.52295
0.3507899999999997
1.5580999999999998
-1.9064499999999998
-1.40537
1.25038
0.5960599999999998
-1.6126200000000006
1.8413399999999998
-4.811069999999996
3.514920000000003
-1.2327299999999999
-0.7967500000000002
1.09021
-1.0368500000000003
0.059129999999999655
-1.1301600000000005
1.86962
-1.3699399999999997
0.18125999999999987
2.518720000000001
-0.1325500000000001
-1.63116
0.7821699999999999
1.8652899999999992
0.011329999999999979
-1.9439499999999996
2.15336
-0.40435999999999994
-2.5712699999999997
-0.02236000000000027
-1.0341299999999998
-3.0041399999999996
-0.81613
-0.9025900000000002
2.5346299999999995
1.1350499999999997
-0.3631600000000005
2.0469100000000005
-0.73944
0.68968
0.39702
-2.5788899999999995
0.12595999999999946
-3.212529999999999
0.8879799999999999
1.3168399999999998
0.6091700000000004
-0.4231800000000002
2.5759500000000006
-0.16959999999999995
-0.36001999999999734
-2.2308499999999993
0.06285999999999989
-1.43439
1.4218899999999997
-0.7440200000000001
2.698660000000001
-0.3723200000000001

Molecule lengths (number of atoms):
40
43
49
57
36
44
35
45
47
24
44
39
64
54
45
68
51
39
42
55
34
53
50
55
39
54
24
44
41
56
45
42
42
35
55
36
49
40
49
55
40
41
38
38
46
63
52
46
33
37
58
24
49
32
35
44
50
59
43
38
59
25
43
44
54
36
36
41
54
35
26
41
54
49
44
38
37
45
50
51
53
48
44
43
51
37
16
35
38
